240
270
282.3529
306.6666
320
334.5454
338.8235
342.8571
348.169
349.0909
352.653
360
368
374.8372
375.6521
380.6167
384
390.0677
392.7272
400
405.6337
410.4512
411.4285
417.5238
420.4379
423.5294
426.6666
430.9226
432
432.9411
436.3948
440.8163
445.3608
449.9999
450
454.7368
460.7999
465.7681
472.1311
480
485.3932
490.909
500.8695
508.7999
516.129
533.3333
540
549.3562
585.1428
600
606.8965
609.5238
617.1428
627.4509
636
640
661.3333
664.6666
669.2014
673.5238
705.8823
711.111
720
727.2727
752.9411
768
800